Мощность на УБМ, dBm	18,000000						
Gate start, ms	20,000000						
Gate lenght, ms	80,000000						
T, ms	1000,000000						
Точность подстройки, dBm	0,100000						
Iпот(покоя), mA	650						
Uп, В	28						
Uсм, В							
С калибровкой							
№	f, MHz	P, dBm	IG, mA	ID, A	Gain, dB	КПД, %	Pвых, W
1,000000	500000000,000000	33,451363	-0,000256	0,140557	15,451363	5,464716	2,213790
2,000000	600000000,000000	34,914521	-0,000419	0,126957	16,914521	8,544929	3,100646
3,000000	700000000,000000	36,150106	-0,000303	0,114373	18,150106	12,671496	4,121076
4,000000	800000000,000000	36,605950	-0,000326	0,110023	18,605950	14,652927	4,577148
5,000000	900000000,000000	36,992639	-0,000019	0,105608	18,992639	16,706887	5,003385
6,000000	1000000000,000000	37,231855	-0,000222	0,103973	19,231855	17,942915	5,286710
7,000000	1100000000,000000	37,763866	-0,000105	0,104334	19,763866	20,239108	5,975669
8,000000	1200000000,000000	37,954655	-0,000136	0,105675	19,954655	20,889228	6,244037
9,000000	1300000000,000000	38,443050	-0,000332	0,111184	20,443050	22,241520	6,987229
10,000000	1400000000,000000	39,137877	-0,000144	0,119970	21,137877	24,221634	8,199507
11,000000	1500000000,000000	39,810348	-0,000342	0,128021	21,810348	26,529186	9,572708
12,000000	1600000000,000000	40,270125	-0,000197	0,131321	22,270125	28,769750	10,641736
13,000000	1700000000,000000	40,323707	-0,000308	0,134720	22,323707	28,394271	10,773844
14,000000	1800000000,000000	40,554607	-0,000172	0,137759	22,554607	29,293103	11,362154
15,000000	1900000000,000000	40,454893	0,000039	0,140755	22,454893	28,015068	11,104251
16,000000	2000000000,000000	40,776413	-0,000256	0,145138	22,776413	29,268788	11,957524
17,000000	2100000000,000000	40,736191	-0,000220	0,141284	22,736191	29,788588	11,847292
18,000000	2200000000,000000	40,156004	0,000196	0,136658	22,156004	26,925035	10,365743
19,000000	2300000000,000000	39,832607	0,000025	0,133175	21,832607	25,634364	9,621897
20,000000	2400000000,000000	39,305204	-0,000170	0,130168	21,305204	23,207608	8,521584
21,000000	2500000000,000000	39,413639	-0,000276	0,131032	21,413639	23,641836	8,737031
22,000000	2600000000,000000	39,738505	-0,000192	0,132441	21,738505	25,220330	9,415654
23,000000	2700000000,000000	39,668492	-0,000134	0,131931	21,668492	24,910131	9,265081
24,000000	2800000000,000000	39,614784	-0,000271	0,133172	21,614784	24,372738	9,151208
25,000000	2900000000,000000	39,874613	0,000030	0,135966	21,874613	25,353735	9,715414
26,000000	3000000000,000000	39,920593	-0,000414	0,136943	21,920593	25,442657	9,818819
27,000000	3100000000,000000	40,076537	-0,000260	0,140465	22,076537	25,717416	10,177794
28,000000	3200000000,000000	40,021785	-0,000552	0,145063	22,021785	24,588352	10,050288
29,000000	3300000000,000000	39,776710	-0,000172	0,145418	21,776710	23,173970	9,498849
30,000000	3400000000,000000	40,115369	0,000003	0,146555	22,115369	24,871492	10,269207
31,000000	3500000000,000000	40,254878	-0,000122	0,149112	22,254878	25,247959	10,604442
32,000000	3600000000,000000	40,277053	-0,000110	0,151743	22,277053	24,937987	10,658725
33,000000	3700000000,000000	40,392446	-0,000344	0,153139	22,392446	25,379975	10,945726
34,000000	3800000000,000000	40,553835	-0,000021	0,158209	22,553835	25,502064	11,360135
35,000000	3900000000,000000	40,854741	-0,000271	0,167077	22,854741	25,890580	12,175143
36,000000	4000000000,000000	41,033889	-0,000091	0,172948	23,033889	26,070626	12,687876
37,000000	4100000000,000000	41,118541	0,000003	0,179281	23,118541	25,647049	12,937610
38,000000	4200000000,000000	40,914123	-0,000156	0,175702	22,914123	24,960482	12,342761
39,000000	4300000000,000000	40,837985	-0,000167	0,174945	22,837985	24,630589	12,128259
40,000000	4400000000,000000	40,936918	-0,000199	0,176092	22,936918	25,036840	12,407716
41,000000	4500000000,000000	40,866783	-0,000136	0,173688	22,866783	24,974748	12,208951
42,000000	4600000000,000000	40,714050	-0,000417	0,173951	22,714050	24,070780	11,787046
43,000000	4700000000,000000	40,558502	-0,000145	0,169567	22,558502	23,819611	11,372349
44,000000	4800000000,000000	40,281106	-0,000098	0,163840	22,281106	23,118382	10,668677
45,000000	4900000000,000000	40,131875	-0,000016	0,161867	22,131875	22,605075	10,308312
46,000000	5000000000,000000	40,105934	-0,000174	0,160597	22,105934	22,647246	10,246922
47,000000	5100000000,000000	39,954522	0,000009	0,164753	21,954522	21,314826	9,895830
48,000000	5200000000,000000	40,029342	-0,000352	0,173591	22,029342	20,583429	10,067790
49,000000	5300000000,000000	39,995897	-0,000239	0,177791	21,995897	19,942055	9,990557
50,000000	5400000000,000000	39,836249	0,000200	0,181787	21,836249	18,795317	9,629969
51,000000	5500000000,000000	39,780558	0,000013	0,185029	21,780558	18,229166	9,507269
52,000000	5600000000,000000	39,713008	-0,000237	0,187073	21,713008	17,749863	9,360539
53,000000	5700000000,000000	39,893792	0,000441	0,186807	21,893792	18,535780	9,758413
54,000000	5800000000,000000	39,982863	-0,000474	0,184591	21,982863	19,149565	9,960618
55,000000	5900000000,000000	40,002103	-0,000196	0,182537	22,002103	19,451532	10,004844
56,000000	6000000000,000000	39,833021	-0,000509	0,181793	21,833021	18,780608	9,622814
57,000000	6100000000,000000	39,459562	-0,000060	0,179322	21,459562	17,460228	8,829908
58,000000	6200000000,000000	39,565206	0,000381	0,177142	21,565206	18,113485	9,047333
59,000000	6300000000,000000	39,566155	-0,000586	0,174399	21,566155	18,402438	9,049311
60,000000	6400000000,000000	39,488189	-0,000095	0,171758	21,488189	18,350567	8,888303
61,000000	6500000000,000000	39,671369	-0,000396	0,170610	21,671369	19,275604	9,271220
62,000000	6600000000,000000	39,402272	-0,000312	0,168911	21,402272	18,291718	8,714194
63,000000	6700000000,000000	38,958677	-0,000064	0,167482	20,958677	16,643458	7,868061
64,000000	6800000000,000000	38,775699	0,000010	0,168287	20,775699	15,875011	7,543449
65,000000	6900000000,000000	38,785399	-0,000586	0,171303	20,785399	15,630670	7,560315
66,000000	7000000000,000000	38,758651	-0,000183	0,174384	20,758651	15,259388	7,513894
67,000000	7100000000,000000	38,914336	-0,000326	0,176848	20,914336	15,600636	7,788137
68,000000	7200000000,000000	38,943635	-0,000110	0,177919	20,943635	15,612562	7,840857
69,000000	7300000000,000000	38,687157	-0,000005	0,178094	20,687157	14,695501	7,391212
70,000000	7400000000,000000	38,527650	-0,000280	0,178741	20,527650	14,109777	7,124674
71,000000	7500000000,000000	38,458362	-0,000329	0,178216	20,458362	13,925347	7,011907
72,000000	7600000000,000000	38,499648	-0,000287	0,179167	20,499648	13,984912	7,078884
73,000000	7700000000,000000	38,798128	0,000027	0,177459	20,798128	15,133127	7,582507
74,000000	7800000000,000000	38,628585	-0,000240	0,176857	20,628585	14,598331	7,292199
75,000000	7900000000,000000	38,499962	-0,000326	0,178328	20,499962	14,051734	7,079396
76,000000	8000000000,000000	38,454539	-0,000321	0,177227	20,454539	13,990655	7,005738
77,000000	8100000000,000000	38,195389	-0,000240	0,176040	20,195389	13,261631	6,599924
78,000000	8200000000,000000	38,132376	-0,000403	0,176352	20,132376	13,045691	6,504855
79,000000	8300000000,000000	37,994668	-0,000344	0,175343	19,994668	12,707210	6,301831
80,000000	8400000000,000000	37,498556	0,000044	0,174479	19,498556	11,377656	5,621544
81,000000	8500000000,000000	37,345019	-0,000406	0,175014	19,345019	10,944380	5,426276
82,000000	8600000000,000000	37,335586	-0,000110	0,174641	19,335586	10,943661	5,414503
83,000000	8700000000,000000	37,062570	0,000037	0,174758	19,062570	10,262191	5,084603
84,000000	8800000000,000000	37,095617	-0,000807	0,174015	19,095617	10,385687	5,123441
85,000000	8900000000,000000	37,138043	-0,000271	0,173777	19,138043	10,503302	5,173736
86,000000	9000000000,000000	36,967633	-0,000047	0,171307	18,967633	10,239700	4,974658
